Theorem 4.13. Trace for [[1, 2], [3, 4]], [[3, 2], [1, 4]]:
(((1, 2), (3, 4)), ((3, 2), (1, 4)))  :  (((((1, 2), (3, 4)), ((2, 1), (4, 3))), (((1, 2), (3, 4)), ((2, 3), (4, 1)))), 'c')
(((1, 2), (3, 4)), ((2, 1), (4, 3)))  :  (((((1, 2),), ((2, 1),)), (((1, 2),), ((2, 1),))), 't')
(((1, 2), (3, 4)), ((2, 3), (4, 1)))  :  (((((1, 2), (3, 4)), ((1, 4), (3, 2))), (((1, 2), (3, 4)), ((2, 1), (4, 3)))), 'c')
(((1, 2),), ((2, 1),))  :  (((((1, 2), (3, 4), (3, 4)), ((1, 2),)), (((1, 2),), ((3, 4), (4, 3), (1, 2)))), 'c')
(((1, 2), (3, 4)), ((1, 4), (3, 2)))  :  (((((1, 4), (3, 2)), ((1, 2), (3, 4))), 'i'),)
(((1, 2), (3, 4), (3, 4)), ((1, 2),))  :  (((((1, 2),), ((1, 2),)), (((1, 2), (1, 2)), ())), 't')
(((1, 2),), ((3, 4), (4, 3), (1, 2)))  :  ((((), ((1, 2), (2, 1))), (((1, 2),), ((1, 2),))), 't')
(((1, 2), (1, 2)), ())  :  ((((), ((1, 2), (1, 2))), 'i'),)
((), ((1, 2), (2, 1)))  :  (((((1, 2), (3, 4)), ((1, 4), (3, 2))), ((), ((1, 1), (2, 2)))), 'c')
((), ((1, 1), (2, 2)))  :  ((((), ((1, 1),)), ((), ((1, 1),))), 't')
((), ((1, 1),))  :  (((((1, 1),), ()), 'i'),)
(((1, 1),), ())  :  ((((), ((1, 1),)), 'i'),)

Theorem 4.13. Trace for [[1, 2], [1, 3]], [[1, 2], [1, 3]]:
(((1, 2), (1, 3)), ((1, 2), (1, 3)))  :  (((((1, 2), (3, 4)), ((1, 3), (1, 4))), (((1, 2), (1, 3)), ((1, 4), (2, 3)))), 'c')
(((1, 2), (3, 4)), ((1, 3), (1, 4)))  :  (((((1, 2), (3, 4)), ((2, 1), (3, 4))), (((1, 2), (3, 4)), ((3, 1), (1, 4)))), 'c')
(((1, 2), (1, 3)), ((1, 4), (2, 3)))  :  (((((1, 2), (3, 2)), ((2, 4), (1, 3))), (((1, 2), (3, 4)), ((2, 1), (4, 3)))), 'c')
(((1, 2), (3, 4)), ((2, 1), (3, 4)))  :  (((((1, 2),), ((2, 1),)), (((1, 2),), ((1, 2),))), 't')
(((1, 2), (3, 4)), ((3, 1), (1, 4)))  :  (((((1, 2), (3, 4)), ((2, 4), (4, 1))), (((1, 2), (3, 4)), ((4, 3), (1, 1)))), 'c')
(((1, 2), (3, 2)), ((2, 4), (1, 3)))  :  (((((1, 2), (2, 3)), ((1, 4), (2, 3))), (((1, 2), (3, 2)), ((2, 1), (4, 3)))), 'c')
(((1, 2), (3, 4)), ((2, 1), (4, 3)))  :  (((((1, 2),), ((2, 1),)), (((1, 2),), ((2, 1),))), 't')
(((1, 2),), ((2, 1),))  :  (((((1, 2), (2, 1), (3, 4)), ((3, 4),)), (((1, 2),), ((1, 2), (3, 4), (3, 4)))), 'c')
(((1, 2), (3, 4)), ((2, 4), (4, 1)))  :  (((((1, 2), (3, 4)), ((2, 3), (3, 4))), (((1, 2), (3, 4)), ((1, 2), (4, 1)))), 'c')
(((1, 2), (3, 4)), ((4, 3), (1, 1)))  :  (((((1, 2), (3, 2)), ((1, 3), (2, 2))), (((1, 2), (3, 4)), ((4, 1), (3, 5)))), 'c')
(((1, 2), (2, 3)), ((1, 4), (2, 3)))  :  (((((1, 2), (3, 3)), ((1, 4), (3, 2))), (((1, 2), (2, 3)), ((1, 3), (2, 2)))), 'c')
(((1, 2), (3, 2)), ((2, 1), (4, 3)))  :  (((((1, 2), (3, 4)), ((4, 2), (5, 3))), (((1, 2), (3, 2)), ((1, 1), (3, 2)))), 'c')
(((1, 2), (2, 1), (3, 4)), ((3, 4),))  :  (((((1, 2), (2, 1)), ()), (((1, 2),), ((1, 2),))), 't')
(((1, 2),), ((1, 2), (3, 4), (3, 4)))  :  (((((1, 2),), ((1, 2),)), ((), ((1, 2), (1, 2)))), 't')
(((1, 2), (3, 4)), ((2, 3), (3, 4)))  :  (((((1, 2), (3, 4)), ((1, 3), (3, 2))), (((1, 2), (3, 4)), ((2, 4), (3, 2)))), 'c')
(((1, 2), (3, 4)), ((1, 2), (4, 1)))  :  (((((1, 2), (3, 4)), ((1, 4), (3, 1))), (((1, 2), (3, 4)), ((1, 5), (4, 2)))), 'c')
(((1, 2), (3, 2)), ((1, 3), (2, 2)))  :  (((((1, 2), (3, 4)), ((1, 4), (2, 2))), (((1, 2), (3, 2)), ((1, 2), (4, 3)))), 'c')
(((1, 2), (3, 4)), ((4, 1), (3, 5)))  :  (((((1, 2), (3, 4)), ((2, 4), (3, 5))), (((1, 2), (3, 4)), ((5, 4), (3, 1)))), 'c')
(((1, 2), (3, 3)), ((1, 4), (3, 2)))  :  (((((1, 2), (3, 4)), ((1, 4), (3, 2))), (((1, 2), (3, 3)), ((1, 2), (3, 4)))), 'c')
(((1, 2), (2, 3)), ((1, 3), (2, 2)))  :  (((((1, 2), (3, 3)), ((1, 2), (3, 3))), (((1, 2), (3, 4)), ((1, 4), (3, 2)))), 'c')
(((1, 2), (3, 4)), ((4, 2), (5, 3)))  :  (((((1, 2), (2, 3)), ((1, 3), (4, 2))), (((1, 2), (3, 4)), ((4, 5), (3, 2)))), 'c')
(((1, 2), (3, 2)), ((1, 1), (3, 2)))  :  (((((1, 2), (3, 4)), ((1, 1), (3, 4))), (((1, 2), (3, 2)), ((1, 2), (3, 2)))), 'c')
(((1, 2), (2, 1)), ())  :  (((((1, 1), (2, 2)), ()), (((1, 2), (3, 4)), ((1, 4), (3, 2)))), 'c')
(((1, 2), (3, 4)), ((1, 3), (3, 2)))  :  (((((1, 2), (3, 4)), ((1, 4), (3, 2))), (((1, 2), (3, 4)), ((1, 2), (3, 3)))), 'c')
(((1, 2), (3, 4)), ((2, 4), (3, 2)))  :  (((((1, 2), (3, 4)), ((1, 4), (3, 2))), (((1, 2), (3, 4)), ((2, 2), (3, 4)))), 'c')
(((1, 2), (3, 4)), ((1, 4), (3, 1)))  :  (((((1, 2), (3, 4)), ((1, 4), (3, 2))), (((1, 2), (3, 4)), ((1, 1), (3, 4)))), 'c')
(((1, 2), (3, 4)), ((1, 5), (4, 2)))  :  (((((1, 2), (3, 4)), ((1, 4), (3, 2))), (((1, 2), (3, 4)), ((1, 2), (4, 5)))), 'c')
(((1, 2), (3, 4)), ((1, 4), (2, 2)))  :  (((((1, 2), (3, 4)), ((1, 2), (4, 4))), (((1, 2), (3, 4)), ((1, 4), (3, 2)))), 'c')
(((1, 2), (3, 2)), ((1, 2), (4, 3)))  :  (((((1, 2), (3, 4)), ((1, 2), (5, 3))), (((1, 2), (3, 2)), ((1, 2), (3, 2)))), 'c')
(((1, 2), (3, 4)), ((2, 4), (3, 5)))  :  (((((1, 2), (3, 4)), ((1, 4), (3, 2))), (((1, 2), (3, 4)), ((2, 5), (3, 4)))), 'c')
(((1, 2), (3, 4)), ((5, 4), (3, 1)))  :  (((((1, 2), (3, 4)), ((1, 4), (3, 2))), (((1, 2), (3, 4)), ((5, 1), (3, 4)))), 'c')
(((1, 2), (3, 4)), ((1, 4), (3, 2)))  :  (((((1, 4), (3, 2)), ((1, 2), (3, 4))), 'i'),)
(((1, 2), (3, 3)), ((1, 2), (3, 4)))  :  (((((1, 2),), ((1, 2),)), (((1, 1),), ((1, 2),))), 't')
(((1, 2), (3, 3)), ((1, 2), (3, 3)))  :  (((((1, 2),), ((1, 2),)), (((1, 1),), ((1, 1),))), 't')
(((1, 2), (2, 3)), ((1, 3), (4, 2)))  :  (((((1, 2), (3, 3)), ((1, 2), (4, 3))), (((1, 2), (3, 4)), ((1, 4), (3, 2)))), 'c')
(((1, 2), (3, 4)), ((4, 5), (3, 2)))  :  (((((1, 2), (3, 4)), ((2, 5), (3, 4))), (((1, 2), (3, 4)), ((1, 4), (3, 2)))), 'c')
(((1, 2), (3, 4)), ((1, 1), (3, 4)))  :  (((((1, 2),), ((1, 1),)), (((1, 2),), ((1, 2),))), 't')
(((1, 2), (3, 2)), ((1, 2), (3, 2)))  :  (((((1, 2), (3, 2)), ((1, 2), (3, 2))), 'i'),)
(((1, 1), (2, 2)), ())  :  (((((1, 1),), ()), (((1, 1),), ())), 't')
(((1, 2), (3, 4)), ((1, 2), (3, 3)))  :  (((((1, 2),), ((1, 2),)), (((1, 2),), ((1, 1),))), 't')
(((1, 2), (3, 4)), ((2, 2), (3, 4)))  :  (((((1, 2),), ((2, 2),)), (((1, 2),), ((1, 2),))), 't')
(((1, 2), (3, 4)), ((1, 2), (4, 5)))  :  (((((1, 2),), ((1, 2),)), (((1, 2),), ((2, 3),))), 't')
(((1, 2), (3, 4)), ((1, 2), (4, 4)))  :  (((((1, 2),), ((1, 2),)), (((1, 2),), ((2, 2),))), 't')
(((1, 2), (3, 4)), ((1, 2), (5, 3)))  :  (((((1, 2),), ((1, 2),)), (((1, 2),), ((3, 1),))), 't')
(((1, 2), (3, 4)), ((2, 5), (3, 4)))  :  (((((1, 2),), ((2, 3),)), (((1, 2),), ((1, 2),))), 't')
(((1, 2), (3, 4)), ((5, 1), (3, 4)))  :  (((((1, 2),), ((3, 1),)), (((1, 2),), ((1, 2),))), 't')
(((1, 1),), ((1, 2),))  :  (((((1, 2), (2, 3)), ((1, 4),)), (((1, 1),), ((2, 2), (1, 1)))), 'c')
(((1, 1),), ((1, 1),))  :  (((((1, 2), (2, 2)), ((1, 2),)), (((1, 2),), ((3, 2), (1, 3)))), 'c')
(((1, 2), (3, 3)), ((1, 2), (4, 3)))  :  (((((1, 2),), ((1, 2),)), (((1, 1),), ((2, 1),))), 't')
(((1, 2),), ((1, 1),))  :  (((((1, 2), (2, 1)), ((2, 2),)), (((1, 2),), ((1, 3), (4, 4)))), 'c')
(((1, 1),), ())  :  ((((), ((1, 1),)), 'i'),)
(((1, 2),), ((2, 2),))  :  (((((1, 2), (3, 2)), ((1, 2),)), (((1, 2),), ((3, 3), (1, 2)))), 'c')
(((1, 2),), ((2, 3),))  :  (((((1, 2), (2, 3)), ((1, 4),)), (((1, 2),), ((2, 2), (3, 4)))), 'c')
(((1, 2),), ((3, 1),))  :  (((((1, 2), (2, 1)), ((3, 1),)), (((1, 2),), ((1, 2), (3, 4)))), 'c')
(((1, 2), (2, 3)), ((1, 4),))  :  (((((1, 2), (3, 4)), ((3, 2),)), (((1, 2), (2, 3)), ((4, 4), (1, 3)))), 'c')
(((1, 1),), ((2, 2), (1, 1)))  :  (((((1, 2), (2, 2)), ((3, 3), (1, 2))), (((1, 2),), ((3, 2), (1, 3)))), 'c')
(((1, 2), (2, 2)), ((1, 2),))  :  (((((1, 2), (3, 3)), ((1, 2),)), (((1, 2), (3, 2)), ((1, 2), (3, 2)))), 'c')
(((1, 2),), ((3, 2), (1, 3)))  :  (((((1, 2), (3, 4)), ((1, 4), (3, 2))), (((1, 2),), ((3, 3), (1, 2)))), 'c')
(((1, 1),), ((2, 1),))  :  (((((1, 2), (2, 2)), ((1, 2),)), (((1, 2),), ((3, 2), (1, 2)))), 'c')
(((1, 2), (2, 1)), ((2, 2),))  :  (((((1, 2), (2, 2)), ((1, 2),)), (((1, 2), (3, 1)), ((4, 4), (3, 2)))), 'c')
(((1, 2),), ((1, 3), (4, 4)))  :  (((((1, 2), (3, 4)), ((1, 2), (5, 5))), (((1, 2),), ((1, 3), (4, 2)))), 'c')
((), ((1, 1),))  :  (((((1, 1),), ()), 'i'),)
(((1, 2), (3, 2)), ((1, 2),))  :  (((((1, 2), (3, 4)), ((1, 2),)), (((1, 2), (3, 2)), ((1, 2), (3, 2)))), 'c')
(((1, 2),), ((3, 3), (1, 2)))  :  ((((), ((1, 1),)), (((1, 2),), ((1, 2),))), 't')
(((1, 2),), ((2, 2), (3, 4)))  :  (((((1, 2), (3, 4)), ((1, 4), (5, 6))), (((1, 2),), ((2, 2), (1, 2)))), 'c')
(((1, 2), (2, 1)), ((3, 1),))  :  (((((1, 2), (2, 2)), ((1, 2),)), (((1, 2), (2, 3)), ((4, 5), (1, 3)))), 'c')
(((1, 2),), ((1, 2), (3, 4)))  :  (((((1, 2),), ((1, 2),)), ((), ((1, 2),))), 't')
(((1, 2), (3, 4)), ((3, 2),))  :  (((((1, 2), (3, 4)), ((3, 4),)), (((1, 2), (3, 4)), ((1, 4), (3, 2)))), 'c')
(((1, 2), (2, 3)), ((4, 4), (1, 3)))  :  (((((1, 2), (3, 3)), ((4, 4), (1, 2))), (((1, 2), (3, 4)), ((1, 4), (3, 2)))), 'c')
(((1, 2), (2, 2)), ((3, 3), (1, 2)))  :  (((((1, 2), (3, 3)), ((4, 4), (1, 2))), (((1, 2), (3, 2)), ((1, 2), (3, 2)))), 'c')
(((1, 2), (3, 3)), ((1, 2),))  :  (((((1, 2),), ((1, 2),)), (((1, 1),), ())), 't')
(((1, 2),), ((3, 2), (1, 2)))  :  (((((1, 2), (3, 2)), ((1, 2), (3, 2))), (((1, 2),), ((3, 4), (1, 2)))), 'c')
(((1, 2), (3, 1)), ((4, 4), (3, 2)))  :  (((((1, 1), (2, 3)), ((4, 4), (2, 3))), (((1, 2), (3, 4)), ((1, 4), (3, 2)))), 'c')
(((1, 2), (3, 4)), ((1, 2), (5, 5)))  :  (((((1, 2),), ((1, 2),)), (((1, 2),), ((3, 3),))), 't')
(((1, 2),), ((1, 3), (4, 2)))  :  (((((1, 2), (3, 4)), ((1, 4), (3, 2))), (((1, 2),), ((1, 2), (3, 4)))), 'c')
(((1, 2), (3, 4)), ((1, 2),))  :  (((((1, 2),), ((1, 2),)), (((1, 2),), ())), 't')
(((1, 2), (3, 4)), ((1, 4), (5, 6)))  :  (((((1, 2), (3, 4)), ((1, 2), (5, 6))), (((1, 2), (3, 4)), ((1, 4), (3, 2)))), 'c')
(((1, 2),), ((2, 2), (1, 2)))  :  (((((1, 2), (3, 2)), ((1, 2), (3, 2))), (((1, 2),), ((3, 3), (1, 2)))), 'c')
(((1, 2), (2, 3)), ((4, 5), (1, 3)))  :  (((((1, 2), (3, 3)), ((4, 5), (1, 2))), (((1, 2), (3, 4)), ((1, 4), (3, 2)))), 'c')
((), ((1, 2),))  :  (((((1, 2),), ()), 'i'),)
(((1, 2), (3, 4)), ((3, 4),))  :  (((((1, 2),), ()), (((1, 2),), ((1, 2),))), 't')
(((1, 2), (3, 3)), ((4, 4), (1, 2)))  :  ((((), ((1, 1),)), (((1, 2), (3, 3)), ((1, 2),))), 't')
(((1, 2),), ((3, 4), (1, 2)))  :  ((((), ((1, 2),)), (((1, 2),), ((1, 2),))), 't')
(((1, 1), (2, 3)), ((4, 4), (2, 3)))  :  ((((), ((1, 1),)), (((1, 1), (2, 3)), ((2, 3),))), 't')
(((1, 2),), ((3, 3),))  :  (((((1, 2),), ()), ((), ((1, 1),))), 't')
(((1, 2),), ())  :  ((((), ((1, 2),)), 'i'),)
(((1, 2), (3, 4)), ((1, 2), (5, 6)))  :  (((((1, 2),), ((1, 2),)), (((1, 2),), ((3, 4),))), 't')
(((1, 2), (3, 3)), ((4, 5), (1, 2)))  :  ((((), ((1, 2),)), (((1, 2), (3, 3)), ((1, 2),))), 't')
(((1, 1), (2, 3)), ((2, 3),))  :  (((((1, 1),), ()), (((1, 2),), ((1, 2),))), 't')
(((1, 2),), ((3, 4),))  :  (((((1, 2),), ()), ((), ((1, 2),))), 't')

Theorem 4.13. trace for (((1, 2), (3, 2)), ((1, 2), (3, 2)))
(((1, 2), (3, 2)), ((1, 2), (3, 2)))  :  (((((1, 2), (3, 4), (5, 3)), ((2, 1), (5, 4))), (((1, 2), (3, 4)), ((2, 1), (2, 2), (3, 4)))), 'c')
(((1, 2), (3, 4), (5, 3)), ((2, 1), (5, 4)))  :  (((((1, 2),), ((2, 1),)), (((1, 2), (3, 1)), ((3, 2),))), 't')
(((1, 2), (3, 4)), ((2, 1), (2, 2), (3, 4)))  :  (((((1, 2),), ((2, 1), (2, 2))), (((1, 2),), ((1, 2),))), 't')
(((1, 2),), ((2, 1),))  :  (((((1, 2), (1, 2), (3, 4), (3, 3)), ((3, 4),)), (((1, 2),), ((1, 2), (3, 4), (4, 3), (5, 5)))), 'c')
(((1, 2), (3, 1)), ((3, 2),))  :  (((((1, 2), (3, 4), (3, 4)), ((1, 2),)), (((1, 2), (3, 4)), ((3, 2), (1, 4), (5, 5)))), 'c')
(((1, 2),), ((2, 1), (2, 2)))  :  (((((1, 2), (3, 4), (4, 3)), ((1, 2), (1, 1))), (((1, 2),), ((3, 4), (3, 4), (1, 2)))), 'c')
(((1, 2), (1, 2), (3, 4), (3, 3)), ((3, 4),))  :  (((((1, 2), (1, 2)), ()), (((1, 2), (1, 1)), ((1, 2),))), 't')
(((1, 2),), ((1, 2), (3, 4), (4, 3), (5, 5)))  :  (((((1, 2),), ((1, 2),)), ((), ((1, 2), (2, 1), (3, 3)))), 't')
(((1, 2), (3, 4), (3, 4)), ((1, 2),))  :  (((((1, 2),), ((1, 2),)), (((1, 2), (1, 2)), ())), 't')
(((1, 2), (3, 4)), ((3, 2), (1, 4), (5, 5)))  :  (((((1, 2), (3, 4)), ((3, 2), (1, 4))), ((), ((1, 1),))), 't')
(((1, 2), (3, 4), (4, 3)), ((1, 2), (1, 1)))  :  (((((1, 2),), ((1, 2), (1, 1))), (((1, 2), (2, 1)), ())), 't')
(((1, 2),), ((3, 4), (3, 4), (1, 2)))  :  ((((), ((1, 2), (1, 2))), (((1, 2),), ((1, 2),))), 't')
(((1, 2), (1, 2)), ())  :  ((((), ((1, 2), (1, 2))), 'i'),)
(((1, 2), (1, 1)), ((1, 2),))  :  (((((1, 1), (2, 3), (4, 4)), ((2, 3),)), (((1, 2), (1, 3)), ((4, 4), (1, 2), (1, 3)))), 'c')
((), ((1, 2), (2, 1), (3, 3)))  :  (((((1, 2), (3, 4)), ((3, 2), (1, 4), (5, 5))), ((), ((1, 1), (2, 2)))), 'c')
(((1, 2), (3, 4)), ((3, 2), (1, 4)))  :  (((((3, 2), (1, 4)), ((1, 2), (3, 4))), 'i'),)
((), ((1, 1),))  :  (((((1, 1),), ()), 'i'),)
(((1, 2),), ((1, 2), (1, 1)))  :  (((((1, 2), (1, 3), (4, 4)), ((1, 2), (1, 3))), (((1, 2),), ((1, 2), (3, 4), (3, 4)))), 'c')
(((1, 2), (2, 1)), ())  :  (((((1, 1), (2, 3), (2, 3)), ()), (((1, 2), (3, 4)), ((3, 2), (1, 4), (5, 5)))), 'c')
(((1, 1), (2, 3), (4, 4)), ((2, 3),))  :  (((((1, 1),), ()), (((1, 2), (3, 3)), ((1, 2),))), 't')
(((1, 2), (1, 3)), ((4, 4), (1, 2), (1, 3)))  :  ((((), ((1, 1),)), (((1, 2), (1, 3)), ((1, 2), (1, 3)))), 't')
((), ((1, 1), (2, 2)))  :  ((((), ((1, 1),)), ((), ((1, 1),))), 't')
(((1, 1),), ())  :  ((((), ((1, 1),)), 'i'),)
(((1, 2), (1, 3), (4, 4)), ((1, 2), (1, 3)))  :  (((((1, 2), (1, 3)), ((1, 2), (1, 3))), (((1, 1),), ())), 't')
(((1, 2),), ((1, 2), (3, 4), (3, 4)))  :  (((((1, 2),), ((1, 2),)), ((), ((1, 2), (1, 2)))), 't')
(((1, 1), (2, 3), (2, 3)), ())  :  (((((1, 1),), ()), (((1, 2), (1, 2)), ())), 't')
(((1, 2), (3, 3)), ((1, 2),))  :  (((((1, 2),), ((1, 2),)), (((1, 1),), ())), 't')
(((1, 2), (1, 3)), ((1, 2), (1, 3)))  :  (((((1, 2), (1, 3)), ((1, 2), (1, 3))), 'i'),)

Theorem 4.13. trace for (((1, 2), (3, 4)), ((1, 4), (3, 2)))
(((1, 2), (3, 4)), ((1, 4), (3, 2)))  :  (((((1, 2), (3, 4), (5, 3)), ((1, 2), (5, 4))), (((1, 2), (3, 4)), ((1, 5), (5, 2), (3, 4)))), 'c')
(((1, 2), (3, 4), (5, 3)), ((1, 2), (5, 4)))  :  (((((1, 2),), ((1, 2),)), (((1, 2), (3, 1)), ((3, 2),))), 't')
(((1, 2), (3, 4)), ((1, 5), (5, 2), (3, 4)))  :  (((((1, 2),), ((1, 3), (3, 2))), (((1, 2),), ((1, 2),))), 't')
(((1, 2), (3, 1)), ((3, 2),))  :  (((((1, 2), (3, 4), (3, 4)), ((1, 2),)), (((1, 2), (3, 4)), ((3, 2), (1, 4), (5, 5)))), 'c')
(((1, 2),), ((1, 3), (3, 2)))  :  (((((1, 1), (2, 3), (4, 5)), ((4, 3), (2, 5))), (((1, 2),), ((3, 4), (3, 4), (1, 2)))), 'c')
(((1, 2), (3, 4), (3, 4)), ((1, 2),))  :  (((((1, 2),), ((1, 2),)), (((1, 2), (1, 2)), ())), 't')
(((1, 2), (3, 4)), ((3, 2), (1, 4), (5, 5)))  :  (((((1, 2), (3, 4)), ((3, 2), (1, 4))), ((), ((1, 1),))), 't')
(((1, 1), (2, 3), (4, 5)), ((4, 3), (2, 5)))  :  (((((1, 1),), ()), (((1, 2), (3, 4)), ((3, 2), (1, 4)))), 't')
(((1, 2),), ((3, 4), (3, 4), (1, 2)))  :  ((((), ((1, 2), (1, 2))), (((1, 2),), ((1, 2),))), 't')
(((1, 2), (1, 2)), ())  :  ((((), ((1, 2), (1, 2))), 'i'),)
(((1, 2), (3, 4)), ((3, 2), (1, 4)))  :  (((((3, 2), (1, 4)), ((1, 2), (3, 4))), 'i'),)
((), ((1, 1),))  :  (((((1, 1),), ()), 'i'),)
(((1, 1),), ())  :  ((((), ((1, 1),)), 'i'),)

Theorem 4.14. trace for (((1, 2), (1, 3)), ((4, 2), (4, 3))):
(((1, 2), (1, 3)), ((4, 2), (4, 3)))  :  (((((1, 1), (2, 3)), ((4, 2), (4, 3))), (((1, 2), (1, 3)), ((4, 4), (2, 3)))), 'c')
(((1, 1), (2, 3)), ((4, 2), (4, 3)))  :  (((((1, 2), (3, 4), (4, 5)), ((1, 2), (3, 5))), (((1, 1), (2, 3)), ((4, 5), (4, 5), (2, 3)))), 'c')
(((1, 2), (1, 3)), ((4, 4), (2, 3)))  :  (((((1, 2), (1, 2), (3, 4)), ((5, 5), (3, 4))), (((1, 2), (3, 4)), ((1, 2), (3, 5), (5, 4)))), 'c')
(((1, 2), (3, 4), (4, 5)), ((1, 2), (3, 5)))  :  (((((1, 2),), ((1, 2),)), (((1, 2), (2, 3)), ((1, 3),))), 't')
(((1, 1), (2, 3)), ((4, 5), (4, 5), (2, 3)))  :  ((((), ((1, 2), (1, 2))), (((1, 1), (2, 3)), ((2, 3),))), 't')
(((1, 2), (1, 2), (3, 4)), ((5, 5), (3, 4)))  :  ((((), ((1, 1),)), (((1, 2), (1, 2), (3, 4)), ((3, 4),))), 't')
(((1, 2), (3, 4)), ((1, 2), (3, 5), (5, 4)))  :  (((((1, 2),), ((1, 2),)), (((1, 2),), ((1, 3), (3, 2)))), 't')
(((1, 2), (2, 3)), ((1, 3),))  :  (((((1, 3),), ((1, 2), (2, 3))), 'i'),)
(((1, 1), (2, 3)), ((2, 3),))  :  (((((1, 1),), ()), (((1, 2),), ((1, 2),))), 't')
((), ((1, 1),))  :  (((((1, 1),), ()), 'i'),)
(((1, 2), (1, 2), (3, 4)), ((3, 4),))  :  (((((1, 2), (1, 2)), ()), (((1, 2),), ((1, 2),))), 't')
(((1, 2),), ((1, 3), (3, 2)))  :  (((((1, 3), (3, 2)), ((1, 2),)), 'i'),)
(((1, 1),), ())  :  ((((), ((1, 1),)), 'i'),)
(((1, 2), (1, 2)), ())  :  ((((), ((1, 2), (1, 2))), 'i'),)

Theorem 4.14. trace for (((1, 2), (3, 2)), ((1, 4), (3, 4)))
(((1, 2), (3, 2)), ((1, 4), (3, 4)))  :  (((((1, 2), (3, 3)), ((1, 4), (2, 4))), (((1, 2), (3, 2)), ((1, 4), (4, 3)))), 'c')
(((1, 2), (3, 3)), ((1, 4), (2, 4)))  :  (((((1, 2), (2, 3), (4, 5)), ((1, 3), (4, 5))), (((1, 2), (3, 3)), ((1, 2), (4, 5), (4, 5)))), 'c')
(((1, 2), (3, 2)), ((1, 4), (4, 3)))  :  (((((1, 2), (3, 4), (3, 4)), ((1, 5), (5, 2))), (((1, 2), (3, 4)), ((1, 5), (5, 2), (3, 4)))), 'c')
(((1, 2), (2, 3), (4, 5)), ((1, 3), (4, 5)))  :  (((((1, 2), (2, 3)), ((1, 3),)), (((1, 2),), ((1, 2),))), 't')
(((1, 2), (3, 3)), ((1, 2), (4, 5), (4, 5)))  :  (((((1, 2),), ((1, 2),)), (((1, 1),), ((2, 3), (2, 3)))), 't')
(((1, 2), (3, 4), (3, 4)), ((1, 5), (5, 2)))  :  (((((1, 2),), ((1, 3), (3, 2))), (((1, 2), (1, 2)), ())), 't')
(((1, 2), (3, 4)), ((1, 5), (5, 2), (3, 4)))  :  (((((1, 2),), ((1, 3), (3, 2))), (((1, 2),), ((1, 2),))), 't')
(((1, 2), (2, 3)), ((1, 3),))  :  (((((1, 3),), ((1, 2), (2, 3))), 'i'),)
(((1, 1),), ((2, 3), (2, 3)))  :  ((((), ((1, 2), (1, 2))), (((1, 1),), ())), 't')
(((1, 2),), ((1, 3), (3, 2)))  :  (((((1, 3), (3, 2)), ((1, 2),)), 'i'),)
(((1, 2), (1, 2)), ())  :  ((((), ((1, 2), (1, 2))), 'i'),)
(((1, 1),), ())  :  ((((), ((1, 1),)), 'i'),)
((), ((1, 1),))  :  (((((1, 1),), ()), 'i'),)

Theorem 4.14. trace for (((1, 2), (3, 4)), ((1, 4), (3, 2))):
(((1, 2), (3, 4)), ((1, 4), (3, 2)))  :  (((((1, 2), (3, 2), (4, 5)), ((1, 3), (5, 4))), (((1, 2), (3, 4)), ((1, 2), (4, 5), (5, 3)))), 'c')
(((1, 2), (3, 2), (4, 5)), ((1, 3), (5, 4)))  :  (((((1, 2), (3, 2)), ((1, 3),)), (((1, 2),), ((2, 1),))), 't')
(((1, 2), (3, 4)), ((1, 2), (4, 5), (5, 3)))  :  (((((1, 2),), ((1, 2),)), (((1, 2),), ((2, 3), (3, 1)))), 't')
(((1, 2), (3, 2)), ((1, 3),))  :  (((((1, 2), (3, 4), (3, 4)), ((1, 2),)), (((1, 2), (3, 4)), ((1, 5), (5, 2), (3, 4)))), 'c')
(((1, 2),), ((2, 1),))  :  (((((1, 2), (3, 4), (4, 3)), ((1, 2),)), (((1, 2),), ((3, 4), (3, 4), (1, 2)))), 'c')
(((1, 2),), ((2, 3), (3, 1)))  :  (((((1, 2), (1, 2), (3, 4)), ((3, 5), (5, 4))), (((1, 2),), ((1, 2), (3, 4), (4, 3)))), 'c')
(((1, 2), (3, 4), (3, 4)), ((1, 2),))  :  (((((1, 2),), ((1, 2),)), (((1, 2), (1, 2)), ())), 't')
(((1, 2), (3, 4)), ((1, 5), (5, 2), (3, 4)))  :  (((((1, 2),), ((1, 3), (3, 2))), (((1, 2),), ((1, 2),))), 't')
(((1, 2), (3, 4), (4, 3)), ((1, 2),))  :  (((((1, 2), (3, 3)), ((1, 2),)), (((1, 2), (3, 4), (4, 5)), ((1, 2), (3, 5)))), 'c')
(((1, 2),), ((3, 4), (3, 4), (1, 2)))  :  ((((), ((1, 2), (1, 2))), (((1, 2),), ((1, 2),))), 't')
(((1, 2), (1, 2), (3, 4)), ((3, 5), (5, 4)))  :  (((((1, 2), (1, 2)), ()), (((1, 2),), ((1, 3), (3, 2)))), 't')
(((1, 2),), ((1, 2), (3, 4), (4, 3)))  :  (((((1, 2), (3, 4)), ((1, 2), (3, 5), (5, 4))), (((1, 2),), ((1, 2), (3, 3)))), 'c')
(((1, 2), (1, 2)), ())  :  ((((), ((1, 2), (1, 2))), 'i'),)
(((1, 2),), ((1, 3), (3, 2)))  :  (((((1, 3), (3, 2)), ((1, 2),)), 'i'),)
(((1, 2), (3, 3)), ((1, 2),))  :  (((((1, 2),), ((1, 2),)), (((1, 1),), ())), 't')
(((1, 2), (3, 4), (4, 5)), ((1, 2), (3, 5)))  :  (((((1, 2),), ((1, 2),)), (((1, 2), (2, 3)), ((1, 3),))), 't')
(((1, 2), (3, 4)), ((1, 2), (3, 5), (5, 4)))  :  (((((1, 2),), ((1, 2),)), (((1, 2),), ((1, 3), (3, 2)))), 't')
(((1, 2),), ((1, 2), (3, 3)))  :  (((((1, 2),), ((1, 2),)), ((), ((1, 1),))), 't')
(((1, 1),), ())  :  ((((), ((1, 1),)), 'i'),)
(((1, 2), (2, 3)), ((1, 3),))  :  (((((1, 3),), ((1, 2), (2, 3))), 'i'),)
((), ((1, 1),))  :  (((((1, 1),), ()), 'i'),)

Theorem 4.14. trace for (((1, 2), (3, 4)), ((3, 2), (1, 4))):
(((1, 2), (3, 4)), ((3, 2), (1, 4)))  :  (((((1, 2), (2, 3), (4, 5)), ((3, 1), (4, 5))), (((1, 2), (3, 4)), ((2, 1), (5, 3), (5, 4)))), 'c')
(((1, 2), (2, 3), (4, 5)), ((3, 1), (4, 5)))  :  (((((1, 2), (2, 3)), ((3, 1),)), (((1, 2),), ((1, 2),))), 't')
(((1, 2), (3, 4)), ((2, 1), (5, 3), (5, 4)))  :  (((((1, 2),), ((2, 1),)), (((1, 2),), ((3, 1), (3, 2)))), 't')
(((1, 2), (2, 3)), ((3, 1),))  :  (((((1, 2), (3, 3)), ((1, 2),)), (((1, 2), (2, 3)), ((4, 1), (4, 3)))), 'c')
(((1, 2),), ((2, 1),))  :  (((((1, 2), (3, 4), (4, 3)), ((1, 2),)), (((1, 2),), ((3, 4), (3, 4), (1, 2)))), 'c')
(((1, 2),), ((3, 1), (3, 2)))  :  (((((1, 2), (3, 4), (4, 5)), ((1, 2), (3, 5))), (((1, 2),), ((3, 4), (3, 4), (1, 2)))), 'c')
(((1, 2), (3, 3)), ((1, 2),))  :  (((((1, 2),), ((1, 2),)), (((1, 1),), ())), 't')
(((1, 2), (2, 3)), ((4, 1), (4, 3)))  :  (((((1, 2), (3, 4), (4, 5)), ((1, 2), (3, 5))), (((1, 2), (2, 3)), ((4, 5), (4, 5), (1, 3)))), 'c')
(((1, 2), (3, 4), (4, 3)), ((1, 2),))  :  (((((1, 2), (3, 3)), ((1, 2),)), (((1, 2), (3, 4), (4, 5)), ((1, 2), (3, 5)))), 'c')
(((1, 2),), ((3, 4), (3, 4), (1, 2)))  :  ((((), ((1, 2), (1, 2))), (((1, 2),), ((1, 2),))), 't')
(((1, 2), (3, 4), (4, 5)), ((1, 2), (3, 5)))  :  (((((1, 2),), ((1, 2),)), (((1, 2), (2, 3)), ((1, 3),))), 't')
(((1, 1),), ())  :  ((((), ((1, 1),)), 'i'),)
(((1, 2), (2, 3)), ((4, 5), (4, 5), (1, 3)))  :  ((((), ((1, 2), (1, 2))), (((1, 2), (2, 3)), ((1, 3),))), 't')
(((1, 2), (2, 3)), ((1, 3),))  :  (((((1, 3),), ((1, 2), (2, 3))), 'i'),)
((), ((1, 1),))  :  (((((1, 1),), ()), 'i'),)

Theorem 4.14. other direction
(((1, 2),), ((1, 3), (3, 2)))  :  (((((1, 1), (2, 3), (4, 5)), ((4, 3), (2, 5))), (((1, 2),), ((3, 4), (3, 4), (1, 2)))), 'c')
(((1, 1), (2, 3), (4, 5)), ((4, 3), (2, 5)))  :  (((((1, 1),), ()), (((1, 2), (3, 4)), ((3, 2), (1, 4)))), 't')
(((1, 2),), ((3, 4), (3, 4), (1, 2)))  :  ((((), ((1, 2), (1, 2))), (((1, 2),), ((1, 2),))), 't')
(((1, 1),), ())  :  ((((), ((1, 1),)), 'i'),)
(((1, 2), (3, 4)), ((3, 2), (1, 4)))  :  (((((3, 2), (1, 4)), ((1, 2), (3, 4))), 'i'),)
((), ((1, 1),))  :  (((((1, 1),), ()), 'i'),)